.\rofl\00_BN1-129-Eb_solo_0.png 0,0,10,191,6 1,0,8,191,25 8,0,21,191,27 21,0,40,191,26 40,0,44,191,26 44,0,62,191,27 62,0,78,191,26 100,0,125,191,27 0,0,8,191,44 8,0,21,191,46 21,0,37,191,40 62,0,72,191,45 73,0,82,191,46 82,0,119,191,45 120,0,181,191,45 182,0,191,191,46 140,0,160,191,64 160,0,181,191,64
.\rofl\00_BN1-129-Eb_solo_1.png 4,0,29,191,27 0,0,23,191,45 24,0,85,191,45 86,0,174,191,46 44,0,64,191,64 64,0,85,191,64 96,0,120,191,64 136,0,185,191,64 186,0,191,191,65 116,0,135,191,82 155,0,164,191,82 166,0,185,191,82 186,0,191,191,84 154,0,174,191,101 186,0,191,191,103
.\rofl\00_BN1-129-Eb_solo_2.png 0,0,78,191,46 0,0,24,191,64 40,0,89,191,64 90,0,105,191,65 105,0,110,191,64 189,0,191,191,57 20,0,39,191,82 59,0,68,191,82 70,0,89,191,82 90,0,108,191,84 109,0,158,191,82 179,0,186,191,86 58,0,78,191,101 90,0,107,191,103 129,0,138,191,101 138,0,148,191,103 148,0,159,191,101 168,0,176,191,101
.\rofl\00_BN1-129-Eb_solo_3.png 0,0,9,191,65 9,0,14,191,64 93,0,145,191,57 145,0,163,191,57 164,0,191,191,57 0,0,12,191,84 13,0,62,191,82 83,0,90,191,86 134,0,153,191,84 155,0,172,191,84 174,0,184,191,82 185,0,191,191,84 0,0,11,191,103 33,0,42,191,101 42,0,52,191,103 52,0,63,191,101 72,0,80,191,101
.\rofl\00_BN1-129-Eb_solo_4.png 0,0,49,191,57 49,0,67,191,57 68,0,177,191,57 179,0,191,191,62 38,0,57,191,84 59,0,76,191,84 78,0,88,191,82 89,0,97,191,84 99,0,110,191,82 111,0,116,191,80 116,0,126,191,80 127,0,137,191,79 139,0,146,191,80 148,0,156,191,82 158,0,165,191,80 165,0,181,191,79
.\rofl\00_BN1-129-Eb_solo_5.png 0,0,81,191,57 83,0,100,191,62 103,0,131,191,60 133,0,143,191,60 162,0,171,191,60 171,0,183,191,59 183,0,192,191,59 192,0,191,191,60 0,0,1,191,84 3,0,14,191,82 15,0,20,191,80 20,0,30,191,80 31,0,41,191,79 43,0,50,191,80 52,0,60,191,82 62,0,69,191,80 69,0,85,191,79
.\rofl\00_BN1-129-Eb_solo_6.png 0,0,4,191,62 7,0,35,191,60 37,0,47,191,60 66,0,75,191,60 75,0,87,191,59 87,0,96,191,59 96,0,108,191,60 126,0,137,191,60 187,0,191,191,60 108,0,135,191,77 135,0,146,191,77 146,0,153,191,77 153,0,167,191,79 168,0,185,191,77
.\rofl\00_BN1-129-Eb_solo_7.png 162,0,171,191,41 173,0,191,191,41 0,0,12,191,60 30,0,41,191,60 91,0,100,191,60 100,0,112,191,59 113,0,121,191,60 132,0,164,191,60 12,0,39,191,77 39,0,50,191,77 50,0,57,191,77 57,0,71,191,79 72,0,89,191,77 121,0,137,191,77
.\rofl\00_BN1-129-Eb_solo_8.png 66,0,75,191,41 77,0,98,191,41 98,0,102,191,42 118,0,191,191,43 0,0,4,191,60 4,0,16,191,59 17,0,25,191,60 36,0,68,191,60 25,0,41,191,77
.\rofl\00_BN1-129-Eb_solo_9.png 0,0,2,191,41 2,0,6,191,42 22,0,98,191,43
