.\rofl\00_BN1-129-Eb_comp_0.png 2,0,20,191,0 22,0,40,191,0 41,0,78,191,0 81,0,101,191,0 101,0,111,191,0 112,0,140,191,0 142,0,180,191,0 181,0,191,191,0 31,0,68,191,0 70,0,103,191,0 132,0,157,191,0 161,0,191,191,0 2,0,22,191,0 51,0,75,191,0 82,0,88,191,0 90,0,104,191,0 112,0,130,191,0 130,0,144,191,0 151,0,170,191,0 171,0,188,191,0 192,0,191,191,0 2,0,22,191,0 51,0,70,191,0 82,0,103,191,0 112,0,142,191,0 162,0,169,191,0 162,0,181,191,0
.\rofl\00_BN1-129-Eb_comp_1.png 0,0,5,191,0 5,0,15,191,0 16,0,44,191,0 46,0,84,191,0 85,0,125,191,0 135,0,166,191,0 166,0,191,191,0 0,0,7,191,0 36,0,61,191,0 65,0,102,191,0 105,0,155,191,0 155,0,191,191,0 0,0,8,191,0 16,0,34,191,0 34,0,48,191,0 55,0,74,191,0 75,0,92,191,0 96,0,113,191,0 115,0,127,191,0 135,0,156,191,0 176,0,191,191,0 0,0,7,191,0 16,0,46,191,0 66,0,73,191,0 105,0,124,191,0 135,0,156,191,0 176,0,191,191,0 66,0,85,191,0 105,0,127,191,0 135,0,191,191,0
.\rofl\00_BN1-129-Eb_comp_2.png 129,0,149,191,0 149,0,189,191,0 190,0,191,191,0 0,0,29,191,0 39,0,70,191,0 70,0,108,191,0 0,0,6,191,0 9,0,59,191,0 59,0,97,191,0 102,0,113,191,0 118,0,139,191,0 139,0,158,191,0 160,0,180,191,0 181,0,191,191,0 0,0,17,191,0 19,0,31,191,0 39,0,60,191,0 80,0,97,191,0 130,0,155,191,0 160,0,191,191,0 9,0,28,191,0 39,0,60,191,0 80,0,98,191,0 130,0,152,191,0 160,0,191,191,0 9,0,31,191,0 39,0,102,191,0
.\rofl\00_BN1-129-Eb_comp_3.png 33,0,53,191,0 53,0,93,191,0 94,0,103,191,0 0,0,12,191,0 0,0,1,191,0 6,0,17,191,0 22,0,43,191,0 43,0,62,191,0 64,0,84,191,0 85,0,99,191,0 104,0,115,191,0 125,0,130,191,0 130,0,136,191,0 154,0,174,191,0 174,0,179,191,0 179,0,182,191,0 0,0,1,191,0 34,0,59,191,0 64,0,99,191,0 103,0,114,191,0 125,0,143,191,0 145,0,163,191,0 165,0,177,191,0 184,0,191,191,0 0,0,2,191,0 34,0,56,191,0 64,0,100,191,0 103,0,115,191,0 124,0,150,191,0 0,0,6,191,0 125,0,147,191,0 155,0,175,191,0
.\rofl\00_BN1-129-Eb_comp_4.png 0,0,7,191,0 97,0,127,191,0 129,0,163,191,0 168,0,174,191,0 189,0,191,191,0 0,0,3,191,0 8,0,19,191,0 29,0,34,191,0 34,0,40,191,0 58,0,78,191,0 78,0,83,191,0 83,0,86,191,0 129,0,144,191,0 148,0,161,191,0 0,0,3,191,0 7,0,18,191,0 29,0,47,191,0 49,0,67,191,0 69,0,81,191,0 88,0,106,191,0 108,0,121,191,0 129,0,133,191,0 149,0,159,191,0 168,0,176,191,0 190,0,191,191,0 0,0,4,191,0 7,0,19,191,0 28,0,54,191,0 98,0,103,191,0 129,0,139,191,0 167,0,176,191,0 189,0,191,191,0 29,0,51,191,0 59,0,79,191,0 98,0,106,191,0 167,0,176,191,0
.\rofl\00_BN1-129-Eb_comp_5.png 159,0,180,191,0 181,0,191,191,0 1,0,31,191,0 33,0,67,191,0 72,0,78,191,0 93,0,122,191,0 122,0,150,191,0 163,0,173,191,0 33,0,48,191,0 52,0,65,191,0 113,0,128,191,0 133,0,150,191,0 152,0,163,191,0 191,0,191,191,0 0,0,10,191,0 12,0,25,191,0 33,0,37,191,0 53,0,63,191,0 72,0,80,191,0 94,0,128,191,0 143,0,152,191,0 2,0,7,191,0 33,0,43,191,0 71,0,80,191,0 93,0,131,191,0 142,0,155,191,0 2,0,10,191,0 71,0,80,191,0
.\rofl\00_BN1-129-Eb_comp_6.png 63,0,84,191,0 85,0,146,191,0 157,0,163,191,0 187,0,191,191,0 0,0,26,191,0 26,0,54,191,0 67,0,77,191,0 115,0,134,191,0 17,0,32,191,0 37,0,54,191,0 56,0,67,191,0 95,0,111,191,0 136,0,146,191,0 158,0,164,191,0 189,0,191,191,0 0,0,32,191,0 47,0,56,191,0 106,0,148,191,0 158,0,167,191,0 187,0,191,191,0 0,0,35,191,0 46,0,59,191,0 157,0,165,191,0 125,0,151,191,0
.\rofl\00_BN1-129-Eb_comp_7.png 0,0,50,191,0 61,0,67,191,0 91,0,115,191,0 19,0,38,191,0 116,0,128,191,0 131,0,139,191,0 150,0,168,191,0 180,0,188,191,0 0,0,15,191,0 40,0,50,191,0 62,0,68,191,0 93,0,100,191,0 101,0,116,191,0 121,0,126,191,0 126,0,131,191,0 160,0,169,191,0 179,0,188,191,0 10,0,52,191,0 62,0,71,191,0 91,0,113,191,0 132,0,139,191,0 151,0,158,191,0 159,0,172,191,0 180,0,189,191,0 61,0,69,191,0 131,0,140,191,0 151,0,158,191,0 160,0,169,191,0 180,0,187,191,0 29,0,55,191,0
.\rofl\00_BN1-129-Eb_comp_8.png 0,0,19,191,0 20,0,32,191,0 35,0,43,191,0 54,0,72,191,0 84,0,92,191,0 105,0,113,191,0 124,0,132,191,0 0,0,4,191,0 5,0,20,191,0 25,0,30,191,0 30,0,35,191,0 64,0,73,191,0 83,0,92,191,0 105,0,113,191,0 155,0,186,191,0 0,0,17,191,0 36,0,43,191,0 55,0,62,191,0 63,0,76,191,0 84,0,93,191,0 105,0,113,191,0 124,0,133,191,0 144,0,183,191,0 183,0,191,191,0 35,0,44,191,0 55,0,62,191,0 64,0,73,191,0 84,0,91,191,0 105,0,112,191,0 124,0,137,191,0 155,0,185,191,0 155,0,186,191,0
.\rofl\00_BN1-129-Eb_comp_9.png 9,0,17,191,0 28,0,36,191,0 9,0,17,191,0 59,0,90,191,0 9,0,17,191,0 28,0,37,191,0 48,0,87,191,0 87,0,98,191,0 9,0,16,191,0 28,0,41,191,0 59,0,89,191,0 59,0,90,191,0
